{
 "cells": [
  {
   "cell_type": "code",
   "execution_count": 1,
   "id": "e19c0869",
   "metadata": {},
   "outputs": [],
   "source": [
    "import pandas as pd\n",
    "import numpy as np\n",
    "import seaborn as sns\n",
    "import matplotlib.pyplot as plt"
   ]
  },
  {
   "cell_type": "code",
   "execution_count": 2,
   "id": "423be143",
   "metadata": {},
   "outputs": [
    {
     "name": "stderr",
     "output_type": "stream",
     "text": [
      "<>:1: SyntaxWarning: invalid escape sequence '\\I'\n",
      "<>:1: SyntaxWarning: invalid escape sequence '\\I'\n",
      "C:\\Users\\vishe\\AppData\\Local\\Temp\\ipykernel_31008\\3603683878.py:1: SyntaxWarning: invalid escape sequence '\\I'\n",
      "  df_TCS = pd.read_csv(\"Data\\IT_Data\\TCS.NS_data.csv\")\n"
     ]
    }
   ],
   "source": [
    "df_TCS = pd.read_csv(\"Data\\IT_Data\\TCS.NS_data.csv\")"
   ]
  },
  {
   "cell_type": "code",
   "execution_count": 3,
   "id": "24ed1c9e",
   "metadata": {},
   "outputs": [
    {
     "name": "stdout",
     "output_type": "stream",
     "text": [
      "<class 'pandas.DataFrame'>\n",
      "RangeIndex: 2759 entries, 0 to 2758\n",
      "Data columns (total 6 columns):\n",
      " #   Column  Non-Null Count  Dtype\n",
      "---  ------  --------------  -----\n",
      " 0   Price   2759 non-null   str  \n",
      " 1   Close   2758 non-null   str  \n",
      " 2   High    2758 non-null   str  \n",
      " 3   Low     2758 non-null   str  \n",
      " 4   Open    2758 non-null   str  \n",
      " 5   Volume  2758 non-null   str  \n",
      "dtypes: str(6)\n",
      "memory usage: 129.5 KB\n"
     ]
    }
   ],
   "source": [
    "df_TCS.info()"
   ]
  },
  {
   "cell_type": "code",
   "execution_count": 4,
   "id": "47f1b815",
   "metadata": {},
   "outputs": [
    {
     "data": {
      "text/html": [
       "<div>\n",
       "<style scoped>\n",
       "    .dataframe tbody tr th:only-of-type {\n",
       "        vertical-align: middle;\n",
       "    }\n",
       "\n",
       "    .dataframe tbody tr th {\n",
       "        vertical-align: top;\n",
       "    }\n",
       "\n",
       "    .dataframe thead th {\n",
       "        text-align: right;\n",
       "    }\n",
       "</style>\n",
       "<table border=\"1\" class=\"dataframe\">\n",
       "  <thead>\n",
       "    <tr style=\"text-align: right;\">\n",
       "      <th></th>\n",
       "      <th>Price</th>\n",
       "      <th>Close</th>\n",
       "      <th>High</th>\n",
       "      <th>Low</th>\n",
       "      <th>Open</th>\n",
       "      <th>Volume</th>\n",
       "    </tr>\n",
       "  </thead>\n",
       "  <tbody>\n",
       "    <tr>\n",
       "      <th>0</th>\n",
       "      <td>Ticker</td>\n",
       "      <td>TCS.NS</td>\n",
       "      <td>TCS.NS</td>\n",
       "      <td>TCS.NS</td>\n",
       "      <td>TCS.NS</td>\n",
       "      <td>TCS.NS</td>\n",
       "    </tr>\n",
       "    <tr>\n",
       "      <th>1</th>\n",
       "      <td>Date</td>\n",
       "      <td>NaN</td>\n",
       "      <td>NaN</td>\n",
       "      <td>NaN</td>\n",
       "      <td>NaN</td>\n",
       "      <td>NaN</td>\n",
       "    </tr>\n",
       "    <tr>\n",
       "      <th>2</th>\n",
       "      <td>2015-01-01</td>\n",
       "      <td>988.879638671875</td>\n",
       "      <td>997.2123838772336</td>\n",
       "      <td>987.1120636665565</td>\n",
       "      <td>997.2123838772336</td>\n",
       "      <td>366830</td>\n",
       "    </tr>\n",
       "    <tr>\n",
       "      <th>3</th>\n",
       "      <td>2015-01-02</td>\n",
       "      <td>1002.0490112304688</td>\n",
       "      <td>1006.516461209064</td>\n",
       "      <td>990.8415957982204</td>\n",
       "      <td>990.9969474257879</td>\n",
       "      <td>925740</td>\n",
       "    </tr>\n",
       "    <tr>\n",
       "      <th>4</th>\n",
       "      <td>2015-01-05</td>\n",
       "      <td>986.820556640625</td>\n",
       "      <td>1009.9929805494601</td>\n",
       "      <td>980.7603275085361</td>\n",
       "      <td>1002.6508637690987</td>\n",
       "      <td>1754242</td>\n",
       "    </tr>\n",
       "  </tbody>\n",
       "</table>\n",
       "</div>"
      ],
      "text/plain": [
       "        Price               Close                High                Low  \\\n",
       "0      Ticker              TCS.NS              TCS.NS             TCS.NS   \n",
       "1        Date                 NaN                 NaN                NaN   \n",
       "2  2015-01-01    988.879638671875   997.2123838772336  987.1120636665565   \n",
       "3  2015-01-02  1002.0490112304688   1006.516461209064  990.8415957982204   \n",
       "4  2015-01-05    986.820556640625  1009.9929805494601  980.7603275085361   \n",
       "\n",
       "                 Open   Volume  \n",
       "0              TCS.NS   TCS.NS  \n",
       "1                 NaN      NaN  \n",
       "2   997.2123838772336   366830  \n",
       "3   990.9969474257879   925740  \n",
       "4  1002.6508637690987  1754242  "
      ]
     },
     "execution_count": 4,
     "metadata": {},
     "output_type": "execute_result"
    }
   ],
   "source": [
    "df_TCS.head()"
   ]
  },
  {
   "cell_type": "code",
   "execution_count": 5,
   "id": "670587cd",
   "metadata": {},
   "outputs": [
    {
     "data": {
      "text/html": [
       "<div>\n",
       "<style scoped>\n",
       "    .dataframe tbody tr th:only-of-type {\n",
       "        vertical-align: middle;\n",
       "    }\n",
       "\n",
       "    .dataframe tbody tr th {\n",
       "        vertical-align: top;\n",
       "    }\n",
       "\n",
       "    .dataframe thead th {\n",
       "        text-align: right;\n",
       "    }\n",
       "</style>\n",
       "<table border=\"1\" class=\"dataframe\">\n",
       "  <thead>\n",
       "    <tr style=\"text-align: right;\">\n",
       "      <th></th>\n",
       "      <th>Price</th>\n",
       "      <th>Close</th>\n",
       "      <th>High</th>\n",
       "      <th>Low</th>\n",
       "      <th>Open</th>\n",
       "      <th>Volume</th>\n",
       "    </tr>\n",
       "  </thead>\n",
       "  <tbody>\n",
       "    <tr>\n",
       "      <th>count</th>\n",
       "      <td>2759</td>\n",
       "      <td>2758</td>\n",
       "      <td>2758</td>\n",
       "      <td>2758</td>\n",
       "      <td>2758</td>\n",
       "      <td>2758</td>\n",
       "    </tr>\n",
       "    <tr>\n",
       "      <th>unique</th>\n",
       "      <td>2759</td>\n",
       "      <td>2742</td>\n",
       "      <td>2757</td>\n",
       "      <td>2758</td>\n",
       "      <td>2758</td>\n",
       "      <td>2757</td>\n",
       "    </tr>\n",
       "    <tr>\n",
       "      <th>top</th>\n",
       "      <td>Ticker</td>\n",
       "      <td>3380.860107421875</td>\n",
       "      <td>3160.0</td>\n",
       "      <td>TCS.NS</td>\n",
       "      <td>TCS.NS</td>\n",
       "      <td>0</td>\n",
       "    </tr>\n",
       "    <tr>\n",
       "      <th>freq</th>\n",
       "      <td>1</td>\n",
       "      <td>3</td>\n",
       "      <td>2</td>\n",
       "      <td>1</td>\n",
       "      <td>1</td>\n",
       "      <td>2</td>\n",
       "    </tr>\n",
       "  </tbody>\n",
       "</table>\n",
       "</div>"
      ],
      "text/plain": [
       "         Price              Close    High     Low    Open Volume\n",
       "count     2759               2758    2758    2758    2758   2758\n",
       "unique    2759               2742    2757    2758    2758   2757\n",
       "top     Ticker  3380.860107421875  3160.0  TCS.NS  TCS.NS      0\n",
       "freq         1                  3       2       1       1      2"
      ]
     },
     "execution_count": 5,
     "metadata": {},
     "output_type": "execute_result"
    }
   ],
   "source": [
    "df_TCS.describe()"
   ]
  },
  {
   "cell_type": "code",
   "execution_count": 6,
   "id": "89df1445",
   "metadata": {},
   "outputs": [],
   "source": [
    "df_TCS = df_TCS.rename(columns={'Price':'Date'})"
   ]
  },
  {
   "cell_type": "code",
   "execution_count": 7,
   "id": "d9e7b2a4",
   "metadata": {},
   "outputs": [],
   "source": [
    "df_TCS = df_TCS.iloc[2:].reset_index(drop=True)"
   ]
  },
  {
   "cell_type": "code",
   "execution_count": 8,
   "id": "05eaafb2",
   "metadata": {},
   "outputs": [],
   "source": [
    "df_TCS['Date'] = pd.to_datetime(df_TCS['Date'])\n",
    "\n",
    "decimal_values = [\"Close\", \"High\", \"Low\", \"Open\"]\n",
    "numeric_values =[\"Volume\"]\n",
    "\n",
    "for i in decimal_values:\n",
    "    df_TCS[i] = df_TCS[i].astype(float)\n",
    "\n",
    "for j in numeric_values:\n",
    "    df_TCS[j] = pd.to_numeric(df_TCS[j])"
   ]
  },
  {
   "cell_type": "code",
   "execution_count": 9,
   "id": "cdef0cf6",
   "metadata": {},
   "outputs": [],
   "source": [
    "df_TCS = df_TCS.sort_values(by=\"Date\").reset_index(drop=True)"
   ]
  },
  {
   "cell_type": "code",
   "execution_count": 10,
   "id": "39294690",
   "metadata": {},
   "outputs": [],
   "source": [
    "# Normalize Volume\n",
    "df_TCS['Volume_Ratio'] = df_TCS['Volume'] / df_TCS['Volume'].rolling(window=2).mean()"
   ]
  },
  {
   "cell_type": "code",
   "execution_count": 11,
   "id": "432662ef",
   "metadata": {},
   "outputs": [
    {
     "data": {
      "text/plain": [
       "np.int64(1)"
      ]
     },
     "execution_count": 11,
     "metadata": {},
     "output_type": "execute_result"
    }
   ],
   "source": [
    "df_TCS['Volume_Ratio'].isnull().sum()"
   ]
  },
  {
   "cell_type": "code",
   "execution_count": 12,
   "id": "e0328ce8",
   "metadata": {},
   "outputs": [
    {
     "data": {
      "text/html": [
       "<div>\n",
       "<style scoped>\n",
       "    .dataframe tbody tr th:only-of-type {\n",
       "        vertical-align: middle;\n",
       "    }\n",
       "\n",
       "    .dataframe tbody tr th {\n",
       "        vertical-align: top;\n",
       "    }\n",
       "\n",
       "    .dataframe thead th {\n",
       "        text-align: right;\n",
       "    }\n",
       "</style>\n",
       "<table border=\"1\" class=\"dataframe\">\n",
       "  <thead>\n",
       "    <tr style=\"text-align: right;\">\n",
       "      <th></th>\n",
       "      <th>Date</th>\n",
       "      <th>Close</th>\n",
       "      <th>High</th>\n",
       "      <th>Low</th>\n",
       "      <th>Open</th>\n",
       "      <th>Volume</th>\n",
       "      <th>Volume_Ratio</th>\n",
       "    </tr>\n",
       "  </thead>\n",
       "  <tbody>\n",
       "    <tr>\n",
       "      <th>Date</th>\n",
       "      <td>1.000000</td>\n",
       "      <td>0.936133</td>\n",
       "      <td>0.936245</td>\n",
       "      <td>0.936224</td>\n",
       "      <td>0.936274</td>\n",
       "      <td>-0.002136</td>\n",
       "      <td>-0.000782</td>\n",
       "    </tr>\n",
       "    <tr>\n",
       "      <th>Close</th>\n",
       "      <td>0.936133</td>\n",
       "      <td>1.000000</td>\n",
       "      <td>0.999832</td>\n",
       "      <td>0.999812</td>\n",
       "      <td>0.999557</td>\n",
       "      <td>-0.037239</td>\n",
       "      <td>-0.000936</td>\n",
       "    </tr>\n",
       "    <tr>\n",
       "      <th>High</th>\n",
       "      <td>0.936245</td>\n",
       "      <td>0.999832</td>\n",
       "      <td>1.000000</td>\n",
       "      <td>0.999771</td>\n",
       "      <td>0.999786</td>\n",
       "      <td>-0.033110</td>\n",
       "      <td>0.002269</td>\n",
       "    </tr>\n",
       "    <tr>\n",
       "      <th>Low</th>\n",
       "      <td>0.936224</td>\n",
       "      <td>0.999812</td>\n",
       "      <td>0.999771</td>\n",
       "      <td>1.000000</td>\n",
       "      <td>0.999801</td>\n",
       "      <td>-0.041177</td>\n",
       "      <td>-0.004153</td>\n",
       "    </tr>\n",
       "    <tr>\n",
       "      <th>Open</th>\n",
       "      <td>0.936274</td>\n",
       "      <td>0.999557</td>\n",
       "      <td>0.999786</td>\n",
       "      <td>0.999801</td>\n",
       "      <td>1.000000</td>\n",
       "      <td>-0.037837</td>\n",
       "      <td>-0.001540</td>\n",
       "    </tr>\n",
       "    <tr>\n",
       "      <th>Volume</th>\n",
       "      <td>-0.002136</td>\n",
       "      <td>-0.037239</td>\n",
       "      <td>-0.033110</td>\n",
       "      <td>-0.041177</td>\n",
       "      <td>-0.037837</td>\n",
       "      <td>1.000000</td>\n",
       "      <td>0.368738</td>\n",
       "    </tr>\n",
       "    <tr>\n",
       "      <th>Volume_Ratio</th>\n",
       "      <td>-0.000782</td>\n",
       "      <td>-0.000936</td>\n",
       "      <td>0.002269</td>\n",
       "      <td>-0.004153</td>\n",
       "      <td>-0.001540</td>\n",
       "      <td>0.368738</td>\n",
       "      <td>1.000000</td>\n",
       "    </tr>\n",
       "  </tbody>\n",
       "</table>\n",
       "</div>"
      ],
      "text/plain": [
       "                  Date     Close      High       Low      Open    Volume  \\\n",
       "Date          1.000000  0.936133  0.936245  0.936224  0.936274 -0.002136   \n",
       "Close         0.936133  1.000000  0.999832  0.999812  0.999557 -0.037239   \n",
       "High          0.936245  0.999832  1.000000  0.999771  0.999786 -0.033110   \n",
       "Low           0.936224  0.999812  0.999771  1.000000  0.999801 -0.041177   \n",
       "Open          0.936274  0.999557  0.999786  0.999801  1.000000 -0.037837   \n",
       "Volume       -0.002136 -0.037239 -0.033110 -0.041177 -0.037837  1.000000   \n",
       "Volume_Ratio -0.000782 -0.000936  0.002269 -0.004153 -0.001540  0.368738   \n",
       "\n",
       "              Volume_Ratio  \n",
       "Date             -0.000782  \n",
       "Close            -0.000936  \n",
       "High              0.002269  \n",
       "Low              -0.004153  \n",
       "Open             -0.001540  \n",
       "Volume            0.368738  \n",
       "Volume_Ratio      1.000000  "
      ]
     },
     "execution_count": 12,
     "metadata": {},
     "output_type": "execute_result"
    }
   ],
   "source": [
    "df_TCS.corr()"
   ]
  },
  {
   "cell_type": "markdown",
   "id": "47692238",
   "metadata": {},
   "source": [
    "# Daily Returns on Stocks"
   ]
  },
  {
   "cell_type": "markdown",
   "id": "464d637d",
   "metadata": {},
   "source": [
    "### Visualize The Trends"
   ]
  },
  {
   "cell_type": "code",
   "execution_count": 13,
   "id": "e911c13a",
   "metadata": {},
   "outputs": [],
   "source": [
    "def daily_returns(close_price):\n",
    "    returns=[None]\n",
    "    for i in range(1, len(close_price)):\n",
    "        daily_return = (close_price[i] - close_price[i-1])/close_price[i-1]\n",
    "        # daily_return = close_price[i] - close_price[i-1]\n",
    "        returns.append(daily_return)\n",
    "    return returns\n",
    "\n",
    "df_TCS['Daily_Returns'] = daily_returns(df_TCS['Close'])"
   ]
  },
  {
   "cell_type": "markdown",
   "id": "55fca28c",
   "metadata": {},
   "source": [
    "### Calculating Moving Averages Across the Range"
   ]
  },
  {
   "cell_type": "code",
   "execution_count": 14,
   "id": "3356888f",
   "metadata": {},
   "outputs": [],
   "source": [
    "df_TCS['MA_Week'] = df_TCS['Close'].rolling(window=7).mean()\n",
    "\n",
    "df_TCS['MA_Month'] = df_TCS['Close'].rolling(window=30).mean()\n",
    "\n",
    "df_TCS['MA_3Months'] = df_TCS['Close'].rolling(window=90).mean()\n"
   ]
  },
  {
   "cell_type": "code",
   "execution_count": 15,
   "id": "45a4e79a",
   "metadata": {},
   "outputs": [
    {
     "data": {
      "text/html": [
       "<div>\n",
       "<style scoped>\n",
       "    .dataframe tbody tr th:only-of-type {\n",
       "        vertical-align: middle;\n",
       "    }\n",
       "\n",
       "    .dataframe tbody tr th {\n",
       "        vertical-align: top;\n",
       "    }\n",
       "\n",
       "    .dataframe thead th {\n",
       "        text-align: right;\n",
       "    }\n",
       "</style>\n",
       "<table border=\"1\" class=\"dataframe\">\n",
       "  <thead>\n",
       "    <tr style=\"text-align: right;\">\n",
       "      <th></th>\n",
       "      <th>Date</th>\n",
       "      <th>Close</th>\n",
       "      <th>High</th>\n",
       "      <th>Low</th>\n",
       "      <th>Open</th>\n",
       "      <th>Volume</th>\n",
       "      <th>Volume_Ratio</th>\n",
       "      <th>Daily_Returns</th>\n",
       "      <th>MA_Week</th>\n",
       "      <th>MA_Month</th>\n",
       "      <th>MA_3Months</th>\n",
       "    </tr>\n",
       "  </thead>\n",
       "  <tbody>\n",
       "    <tr>\n",
       "      <th>Date</th>\n",
       "      <td>1.000000</td>\n",
       "      <td>0.936133</td>\n",
       "      <td>0.936245</td>\n",
       "      <td>0.936224</td>\n",
       "      <td>0.936274</td>\n",
       "      <td>-0.002136</td>\n",
       "      <td>-0.000782</td>\n",
       "      <td>-0.017737</td>\n",
       "      <td>0.937586</td>\n",
       "      <td>0.941759</td>\n",
       "      <td>0.949013</td>\n",
       "    </tr>\n",
       "    <tr>\n",
       "      <th>Close</th>\n",
       "      <td>0.936133</td>\n",
       "      <td>1.000000</td>\n",
       "      <td>0.999832</td>\n",
       "      <td>0.999812</td>\n",
       "      <td>0.999557</td>\n",
       "      <td>-0.037239</td>\n",
       "      <td>-0.000936</td>\n",
       "      <td>0.001265</td>\n",
       "      <td>0.998965</td>\n",
       "      <td>0.994905</td>\n",
       "      <td>0.986916</td>\n",
       "    </tr>\n",
       "    <tr>\n",
       "      <th>High</th>\n",
       "      <td>0.936245</td>\n",
       "      <td>0.999832</td>\n",
       "      <td>1.000000</td>\n",
       "      <td>0.999771</td>\n",
       "      <td>0.999786</td>\n",
       "      <td>-0.033110</td>\n",
       "      <td>0.002269</td>\n",
       "      <td>-0.009962</td>\n",
       "      <td>0.999184</td>\n",
       "      <td>0.995203</td>\n",
       "      <td>0.987138</td>\n",
       "    </tr>\n",
       "    <tr>\n",
       "      <th>Low</th>\n",
       "      <td>0.936224</td>\n",
       "      <td>0.999812</td>\n",
       "      <td>0.999771</td>\n",
       "      <td>1.000000</td>\n",
       "      <td>0.999801</td>\n",
       "      <td>-0.041177</td>\n",
       "      <td>-0.004153</td>\n",
       "      <td>-0.010352</td>\n",
       "      <td>0.999099</td>\n",
       "      <td>0.995021</td>\n",
       "      <td>0.986942</td>\n",
       "    </tr>\n",
       "    <tr>\n",
       "      <th>Open</th>\n",
       "      <td>0.936274</td>\n",
       "      <td>0.999557</td>\n",
       "      <td>0.999786</td>\n",
       "      <td>0.999801</td>\n",
       "      <td>1.000000</td>\n",
       "      <td>-0.037837</td>\n",
       "      <td>-0.001540</td>\n",
       "      <td>-0.022048</td>\n",
       "      <td>0.999239</td>\n",
       "      <td>0.995208</td>\n",
       "      <td>0.987109</td>\n",
       "    </tr>\n",
       "    <tr>\n",
       "      <th>Volume</th>\n",
       "      <td>-0.002136</td>\n",
       "      <td>-0.037239</td>\n",
       "      <td>-0.033110</td>\n",
       "      <td>-0.041177</td>\n",
       "      <td>-0.037837</td>\n",
       "      <td>1.000000</td>\n",
       "      <td>0.368738</td>\n",
       "      <td>-0.024535</td>\n",
       "      <td>-0.037920</td>\n",
       "      <td>-0.036075</td>\n",
       "      <td>-0.042351</td>\n",
       "    </tr>\n",
       "    <tr>\n",
       "      <th>Volume_Ratio</th>\n",
       "      <td>-0.000782</td>\n",
       "      <td>-0.000936</td>\n",
       "      <td>0.002269</td>\n",
       "      <td>-0.004153</td>\n",
       "      <td>-0.001540</td>\n",
       "      <td>0.368738</td>\n",
       "      <td>1.000000</td>\n",
       "      <td>-0.004769</td>\n",
       "      <td>0.001188</td>\n",
       "      <td>0.002119</td>\n",
       "      <td>0.001281</td>\n",
       "    </tr>\n",
       "    <tr>\n",
       "      <th>Daily_Returns</th>\n",
       "      <td>-0.017737</td>\n",
       "      <td>0.001265</td>\n",
       "      <td>-0.009962</td>\n",
       "      <td>-0.010352</td>\n",
       "      <td>-0.022048</td>\n",
       "      <td>-0.024535</td>\n",
       "      <td>-0.004769</td>\n",
       "      <td>1.000000</td>\n",
       "      <td>-0.025932</td>\n",
       "      <td>-0.028399</td>\n",
       "      <td>-0.027169</td>\n",
       "    </tr>\n",
       "    <tr>\n",
       "      <th>MA_Week</th>\n",
       "      <td>0.937586</td>\n",
       "      <td>0.998965</td>\n",
       "      <td>0.999184</td>\n",
       "      <td>0.999099</td>\n",
       "      <td>0.999239</td>\n",
       "      <td>-0.037920</td>\n",
       "      <td>0.001188</td>\n",
       "      <td>-0.025932</td>\n",
       "      <td>1.000000</td>\n",
       "      <td>0.996888</td>\n",
       "      <td>0.988847</td>\n",
       "    </tr>\n",
       "    <tr>\n",
       "      <th>MA_Month</th>\n",
       "      <td>0.941759</td>\n",
       "      <td>0.994905</td>\n",
       "      <td>0.995203</td>\n",
       "      <td>0.995021</td>\n",
       "      <td>0.995208</td>\n",
       "      <td>-0.036075</td>\n",
       "      <td>0.002119</td>\n",
       "      <td>-0.028399</td>\n",
       "      <td>0.996888</td>\n",
       "      <td>1.000000</td>\n",
       "      <td>0.994419</td>\n",
       "    </tr>\n",
       "    <tr>\n",
       "      <th>MA_3Months</th>\n",
       "      <td>0.949013</td>\n",
       "      <td>0.986916</td>\n",
       "      <td>0.987138</td>\n",
       "      <td>0.986942</td>\n",
       "      <td>0.987109</td>\n",
       "      <td>-0.042351</td>\n",
       "      <td>0.001281</td>\n",
       "      <td>-0.027169</td>\n",
       "      <td>0.988847</td>\n",
       "      <td>0.994419</td>\n",
       "      <td>1.000000</td>\n",
       "    </tr>\n",
       "  </tbody>\n",
       "</table>\n",
       "</div>"
      ],
      "text/plain": [
       "                   Date     Close      High       Low      Open    Volume  \\\n",
       "Date           1.000000  0.936133  0.936245  0.936224  0.936274 -0.002136   \n",
       "Close          0.936133  1.000000  0.999832  0.999812  0.999557 -0.037239   \n",
       "High           0.936245  0.999832  1.000000  0.999771  0.999786 -0.033110   \n",
       "Low            0.936224  0.999812  0.999771  1.000000  0.999801 -0.041177   \n",
       "Open           0.936274  0.999557  0.999786  0.999801  1.000000 -0.037837   \n",
       "Volume        -0.002136 -0.037239 -0.033110 -0.041177 -0.037837  1.000000   \n",
       "Volume_Ratio  -0.000782 -0.000936  0.002269 -0.004153 -0.001540  0.368738   \n",
       "Daily_Returns -0.017737  0.001265 -0.009962 -0.010352 -0.022048 -0.024535   \n",
       "MA_Week        0.937586  0.998965  0.999184  0.999099  0.999239 -0.037920   \n",
       "MA_Month       0.941759  0.994905  0.995203  0.995021  0.995208 -0.036075   \n",
       "MA_3Months     0.949013  0.986916  0.987138  0.986942  0.987109 -0.042351   \n",
       "\n",
       "               Volume_Ratio  Daily_Returns   MA_Week  MA_Month  MA_3Months  \n",
       "Date              -0.000782      -0.017737  0.937586  0.941759    0.949013  \n",
       "Close             -0.000936       0.001265  0.998965  0.994905    0.986916  \n",
       "High               0.002269      -0.009962  0.999184  0.995203    0.987138  \n",
       "Low               -0.004153      -0.010352  0.999099  0.995021    0.986942  \n",
       "Open              -0.001540      -0.022048  0.999239  0.995208    0.987109  \n",
       "Volume             0.368738      -0.024535 -0.037920 -0.036075   -0.042351  \n",
       "Volume_Ratio       1.000000      -0.004769  0.001188  0.002119    0.001281  \n",
       "Daily_Returns     -0.004769       1.000000 -0.025932 -0.028399   -0.027169  \n",
       "MA_Week            0.001188      -0.025932  1.000000  0.996888    0.988847  \n",
       "MA_Month           0.002119      -0.028399  0.996888  1.000000    0.994419  \n",
       "MA_3Months         0.001281      -0.027169  0.988847  0.994419    1.000000  "
      ]
     },
     "execution_count": 15,
     "metadata": {},
     "output_type": "execute_result"
    }
   ],
   "source": [
    "df_TCS.corr()"
   ]
  },
  {
   "cell_type": "markdown",
   "id": "2e6e480e",
   "metadata": {},
   "source": [
    "### The correlation of Above features is very high so we must avoid them and we are using their ratios"
   ]
  },
  {
   "cell_type": "code",
   "execution_count": 16,
   "id": "c2e33e47",
   "metadata": {},
   "outputs": [],
   "source": [
    "df_TCS['MA_Week_Ratio'] = df_TCS['Close'] / df_TCS['MA_Week']\n",
    "df_TCS['MA_Month_Ratio'] = df_TCS['Close'] / df_TCS['MA_Month']\n",
    "df_TCS['MA_3Months_Ratio'] = df_TCS['Close'] / df_TCS['MA_3Months']\n"
   ]
  },
  {
   "cell_type": "code",
   "execution_count": 17,
   "id": "0ef9a0d5",
   "metadata": {},
   "outputs": [
    {
     "data": {
      "text/html": [
       "<div>\n",
       "<style scoped>\n",
       "    .dataframe tbody tr th:only-of-type {\n",
       "        vertical-align: middle;\n",
       "    }\n",
       "\n",
       "    .dataframe tbody tr th {\n",
       "        vertical-align: top;\n",
       "    }\n",
       "\n",
       "    .dataframe thead th {\n",
       "        text-align: right;\n",
       "    }\n",
       "</style>\n",
       "<table border=\"1\" class=\"dataframe\">\n",
       "  <thead>\n",
       "    <tr style=\"text-align: right;\">\n",
       "      <th></th>\n",
       "      <th>Date</th>\n",
       "      <th>Close</th>\n",
       "      <th>High</th>\n",
       "      <th>Low</th>\n",
       "      <th>Open</th>\n",
       "      <th>Volume</th>\n",
       "      <th>Volume_Ratio</th>\n",
       "      <th>Daily_Returns</th>\n",
       "      <th>MA_Week</th>\n",
       "      <th>MA_Month</th>\n",
       "      <th>MA_3Months</th>\n",
       "      <th>MA_Week_Ratio</th>\n",
       "      <th>MA_Month_Ratio</th>\n",
       "      <th>MA_3Months_Ratio</th>\n",
       "    </tr>\n",
       "  </thead>\n",
       "  <tbody>\n",
       "    <tr>\n",
       "      <th>Date</th>\n",
       "      <td>1.000000</td>\n",
       "      <td>0.936133</td>\n",
       "      <td>0.936245</td>\n",
       "      <td>0.936224</td>\n",
       "      <td>0.936274</td>\n",
       "      <td>-0.002136</td>\n",
       "      <td>-0.000782</td>\n",
       "      <td>-0.017737</td>\n",
       "      <td>0.937586</td>\n",
       "      <td>0.941759</td>\n",
       "      <td>0.949013</td>\n",
       "      <td>-0.042161</td>\n",
       "      <td>-0.078364</td>\n",
       "      <td>-0.124391</td>\n",
       "    </tr>\n",
       "    <tr>\n",
       "      <th>Close</th>\n",
       "      <td>0.936133</td>\n",
       "      <td>1.000000</td>\n",
       "      <td>0.999832</td>\n",
       "      <td>0.999812</td>\n",
       "      <td>0.999557</td>\n",
       "      <td>-0.037239</td>\n",
       "      <td>-0.000936</td>\n",
       "      <td>0.001265</td>\n",
       "      <td>0.998965</td>\n",
       "      <td>0.994905</td>\n",
       "      <td>0.986916</td>\n",
       "      <td>0.001635</td>\n",
       "      <td>0.006111</td>\n",
       "      <td>-0.000459</td>\n",
       "    </tr>\n",
       "    <tr>\n",
       "      <th>High</th>\n",
       "      <td>0.936245</td>\n",
       "      <td>0.999832</td>\n",
       "      <td>1.000000</td>\n",
       "      <td>0.999771</td>\n",
       "      <td>0.999786</td>\n",
       "      <td>-0.033110</td>\n",
       "      <td>0.002269</td>\n",
       "      <td>-0.009962</td>\n",
       "      <td>0.999184</td>\n",
       "      <td>0.995203</td>\n",
       "      <td>0.987138</td>\n",
       "      <td>-0.006145</td>\n",
       "      <td>0.001791</td>\n",
       "      <td>-0.002819</td>\n",
       "    </tr>\n",
       "    <tr>\n",
       "      <th>Low</th>\n",
       "      <td>0.936224</td>\n",
       "      <td>0.999812</td>\n",
       "      <td>0.999771</td>\n",
       "      <td>1.000000</td>\n",
       "      <td>0.999801</td>\n",
       "      <td>-0.041177</td>\n",
       "      <td>-0.004153</td>\n",
       "      <td>-0.010352</td>\n",
       "      <td>0.999099</td>\n",
       "      <td>0.995021</td>\n",
       "      <td>0.986942</td>\n",
       "      <td>-0.004846</td>\n",
       "      <td>0.003436</td>\n",
       "      <td>-0.001634</td>\n",
       "    </tr>\n",
       "    <tr>\n",
       "      <th>Open</th>\n",
       "      <td>0.936274</td>\n",
       "      <td>0.999557</td>\n",
       "      <td>0.999786</td>\n",
       "      <td>0.999801</td>\n",
       "      <td>1.000000</td>\n",
       "      <td>-0.037837</td>\n",
       "      <td>-0.001540</td>\n",
       "      <td>-0.022048</td>\n",
       "      <td>0.999239</td>\n",
       "      <td>0.995208</td>\n",
       "      <td>0.987109</td>\n",
       "      <td>-0.013016</td>\n",
       "      <td>-0.000907</td>\n",
       "      <td>-0.004358</td>\n",
       "    </tr>\n",
       "    <tr>\n",
       "      <th>Volume</th>\n",
       "      <td>-0.002136</td>\n",
       "      <td>-0.037239</td>\n",
       "      <td>-0.033110</td>\n",
       "      <td>-0.041177</td>\n",
       "      <td>-0.037837</td>\n",
       "      <td>1.000000</td>\n",
       "      <td>0.368738</td>\n",
       "      <td>-0.024535</td>\n",
       "      <td>-0.037920</td>\n",
       "      <td>-0.036075</td>\n",
       "      <td>-0.042351</td>\n",
       "      <td>-0.011743</td>\n",
       "      <td>0.004932</td>\n",
       "      <td>0.054069</td>\n",
       "    </tr>\n",
       "    <tr>\n",
       "      <th>Volume_Ratio</th>\n",
       "      <td>-0.000782</td>\n",
       "      <td>-0.000936</td>\n",
       "      <td>0.002269</td>\n",
       "      <td>-0.004153</td>\n",
       "      <td>-0.001540</td>\n",
       "      <td>0.368738</td>\n",
       "      <td>1.000000</td>\n",
       "      <td>-0.004769</td>\n",
       "      <td>0.001188</td>\n",
       "      <td>0.002119</td>\n",
       "      <td>0.001281</td>\n",
       "      <td>-0.009697</td>\n",
       "      <td>-0.005635</td>\n",
       "      <td>-0.003299</td>\n",
       "    </tr>\n",
       "    <tr>\n",
       "      <th>Daily_Returns</th>\n",
       "      <td>-0.017737</td>\n",
       "      <td>0.001265</td>\n",
       "      <td>-0.009962</td>\n",
       "      <td>-0.010352</td>\n",
       "      <td>-0.022048</td>\n",
       "      <td>-0.024535</td>\n",
       "      <td>-0.004769</td>\n",
       "      <td>1.000000</td>\n",
       "      <td>-0.025932</td>\n",
       "      <td>-0.028399</td>\n",
       "      <td>-0.027169</td>\n",
       "      <td>0.627988</td>\n",
       "      <td>0.308569</td>\n",
       "      <td>0.184927</td>\n",
       "    </tr>\n",
       "    <tr>\n",
       "      <th>MA_Week</th>\n",
       "      <td>0.937586</td>\n",
       "      <td>0.998965</td>\n",
       "      <td>0.999184</td>\n",
       "      <td>0.999099</td>\n",
       "      <td>0.999239</td>\n",
       "      <td>-0.037920</td>\n",
       "      <td>0.001188</td>\n",
       "      <td>-0.025932</td>\n",
       "      <td>1.000000</td>\n",
       "      <td>0.996888</td>\n",
       "      <td>0.988847</td>\n",
       "      <td>-0.039667</td>\n",
       "      <td>-0.021487</td>\n",
       "      <td>-0.017932</td>\n",
       "    </tr>\n",
       "    <tr>\n",
       "      <th>MA_Month</th>\n",
       "      <td>0.941759</td>\n",
       "      <td>0.994905</td>\n",
       "      <td>0.995203</td>\n",
       "      <td>0.995021</td>\n",
       "      <td>0.995208</td>\n",
       "      <td>-0.036075</td>\n",
       "      <td>0.002119</td>\n",
       "      <td>-0.028399</td>\n",
       "      <td>0.996888</td>\n",
       "      <td>1.000000</td>\n",
       "      <td>0.994419</td>\n",
       "      <td>-0.057525</td>\n",
       "      <td>-0.086300</td>\n",
       "      <td>-0.073998</td>\n",
       "    </tr>\n",
       "    <tr>\n",
       "      <th>MA_3Months</th>\n",
       "      <td>0.949013</td>\n",
       "      <td>0.986916</td>\n",
       "      <td>0.987138</td>\n",
       "      <td>0.986942</td>\n",
       "      <td>0.987109</td>\n",
       "      <td>-0.042351</td>\n",
       "      <td>0.001281</td>\n",
       "      <td>-0.027169</td>\n",
       "      <td>0.988847</td>\n",
       "      <td>0.994419</td>\n",
       "      <td>1.000000</td>\n",
       "      <td>-0.057814</td>\n",
       "      <td>-0.111773</td>\n",
       "      <td>-0.149031</td>\n",
       "    </tr>\n",
       "    <tr>\n",
       "      <th>MA_Week_Ratio</th>\n",
       "      <td>-0.042161</td>\n",
       "      <td>0.001635</td>\n",
       "      <td>-0.006145</td>\n",
       "      <td>-0.004846</td>\n",
       "      <td>-0.013016</td>\n",
       "      <td>-0.011743</td>\n",
       "      <td>-0.009697</td>\n",
       "      <td>0.627988</td>\n",
       "      <td>-0.039667</td>\n",
       "      <td>-0.057525</td>\n",
       "      <td>-0.057814</td>\n",
       "      <td>1.000000</td>\n",
       "      <td>0.646668</td>\n",
       "      <td>0.402939</td>\n",
       "    </tr>\n",
       "    <tr>\n",
       "      <th>MA_Month_Ratio</th>\n",
       "      <td>-0.078364</td>\n",
       "      <td>0.006111</td>\n",
       "      <td>0.001791</td>\n",
       "      <td>0.003436</td>\n",
       "      <td>-0.000907</td>\n",
       "      <td>0.004932</td>\n",
       "      <td>-0.005635</td>\n",
       "      <td>0.308569</td>\n",
       "      <td>-0.021487</td>\n",
       "      <td>-0.086300</td>\n",
       "      <td>-0.111773</td>\n",
       "      <td>0.646668</td>\n",
       "      <td>1.000000</td>\n",
       "      <td>0.777549</td>\n",
       "    </tr>\n",
       "    <tr>\n",
       "      <th>MA_3Months_Ratio</th>\n",
       "      <td>-0.124391</td>\n",
       "      <td>-0.000459</td>\n",
       "      <td>-0.002819</td>\n",
       "      <td>-0.001634</td>\n",
       "      <td>-0.004358</td>\n",
       "      <td>0.054069</td>\n",
       "      <td>-0.003299</td>\n",
       "      <td>0.184927</td>\n",
       "      <td>-0.017932</td>\n",
       "      <td>-0.073998</td>\n",
       "      <td>-0.149031</td>\n",
       "      <td>0.402939</td>\n",
       "      <td>0.777549</td>\n",
       "      <td>1.000000</td>\n",
       "    </tr>\n",
       "  </tbody>\n",
       "</table>\n",
       "</div>"
      ],
      "text/plain": [
       "                      Date     Close      High       Low      Open    Volume  \\\n",
       "Date              1.000000  0.936133  0.936245  0.936224  0.936274 -0.002136   \n",
       "Close             0.936133  1.000000  0.999832  0.999812  0.999557 -0.037239   \n",
       "High              0.936245  0.999832  1.000000  0.999771  0.999786 -0.033110   \n",
       "Low               0.936224  0.999812  0.999771  1.000000  0.999801 -0.041177   \n",
       "Open              0.936274  0.999557  0.999786  0.999801  1.000000 -0.037837   \n",
       "Volume           -0.002136 -0.037239 -0.033110 -0.041177 -0.037837  1.000000   \n",
       "Volume_Ratio     -0.000782 -0.000936  0.002269 -0.004153 -0.001540  0.368738   \n",
       "Daily_Returns    -0.017737  0.001265 -0.009962 -0.010352 -0.022048 -0.024535   \n",
       "MA_Week           0.937586  0.998965  0.999184  0.999099  0.999239 -0.037920   \n",
       "MA_Month          0.941759  0.994905  0.995203  0.995021  0.995208 -0.036075   \n",
       "MA_3Months        0.949013  0.986916  0.987138  0.986942  0.987109 -0.042351   \n",
       "MA_Week_Ratio    -0.042161  0.001635 -0.006145 -0.004846 -0.013016 -0.011743   \n",
       "MA_Month_Ratio   -0.078364  0.006111  0.001791  0.003436 -0.000907  0.004932   \n",
       "MA_3Months_Ratio -0.124391 -0.000459 -0.002819 -0.001634 -0.004358  0.054069   \n",
       "\n",
       "                  Volume_Ratio  Daily_Returns   MA_Week  MA_Month  MA_3Months  \\\n",
       "Date                 -0.000782      -0.017737  0.937586  0.941759    0.949013   \n",
       "Close                -0.000936       0.001265  0.998965  0.994905    0.986916   \n",
       "High                  0.002269      -0.009962  0.999184  0.995203    0.987138   \n",
       "Low                  -0.004153      -0.010352  0.999099  0.995021    0.986942   \n",
       "Open                 -0.001540      -0.022048  0.999239  0.995208    0.987109   \n",
       "Volume                0.368738      -0.024535 -0.037920 -0.036075   -0.042351   \n",
       "Volume_Ratio          1.000000      -0.004769  0.001188  0.002119    0.001281   \n",
       "Daily_Returns        -0.004769       1.000000 -0.025932 -0.028399   -0.027169   \n",
       "MA_Week               0.001188      -0.025932  1.000000  0.996888    0.988847   \n",
       "MA_Month              0.002119      -0.028399  0.996888  1.000000    0.994419   \n",
       "MA_3Months            0.001281      -0.027169  0.988847  0.994419    1.000000   \n",
       "MA_Week_Ratio        -0.009697       0.627988 -0.039667 -0.057525   -0.057814   \n",
       "MA_Month_Ratio       -0.005635       0.308569 -0.021487 -0.086300   -0.111773   \n",
       "MA_3Months_Ratio     -0.003299       0.184927 -0.017932 -0.073998   -0.149031   \n",
       "\n",
       "                  MA_Week_Ratio  MA_Month_Ratio  MA_3Months_Ratio  \n",
       "Date                  -0.042161       -0.078364         -0.124391  \n",
       "Close                  0.001635        0.006111         -0.000459  \n",
       "High                  -0.006145        0.001791         -0.002819  \n",
       "Low                   -0.004846        0.003436         -0.001634  \n",
       "Open                  -0.013016       -0.000907         -0.004358  \n",
       "Volume                -0.011743        0.004932          0.054069  \n",
       "Volume_Ratio          -0.009697       -0.005635         -0.003299  \n",
       "Daily_Returns          0.627988        0.308569          0.184927  \n",
       "MA_Week               -0.039667       -0.021487         -0.017932  \n",
       "MA_Month              -0.057525       -0.086300         -0.073998  \n",
       "MA_3Months            -0.057814       -0.111773         -0.149031  \n",
       "MA_Week_Ratio          1.000000        0.646668          0.402939  \n",
       "MA_Month_Ratio         0.646668        1.000000          0.777549  \n",
       "MA_3Months_Ratio       0.402939        0.777549          1.000000  "
      ]
     },
     "execution_count": 17,
     "metadata": {},
     "output_type": "execute_result"
    }
   ],
   "source": [
    "df_TCS.corr()"
   ]
  },
  {
   "cell_type": "markdown",
   "id": "a383ed4f",
   "metadata": {},
   "source": [
    "### MACD (Moving Average Convergence Divergence)"
   ]
  },
  {
   "cell_type": "markdown",
   "id": "b0533e8f",
   "metadata": {},
   "source": [
    "##### Exponential Moving average"
   ]
  },
  {
   "cell_type": "code",
   "execution_count": 18,
   "id": "f4f2d938",
   "metadata": {},
   "outputs": [],
   "source": [
    "ema_12 = df_TCS['Close'].ewm(span=12, adjust=False).mean()\n",
    "ema_26 = df_TCS['Close'].ewm(span=26, adjust=False).mean()"
   ]
  },
  {
   "cell_type": "code",
   "execution_count": 19,
   "id": "30a19c70",
   "metadata": {},
   "outputs": [],
   "source": [
    "df_TCS['MACD'] = ema_12 - ema_26"
   ]
  },
  {
   "cell_type": "code",
   "execution_count": 20,
   "id": "2e834983",
   "metadata": {},
   "outputs": [],
   "source": [
    "df_TCS['MACD_Signal'] = df_TCS['MACD'].ewm(span=12, adjust=False).mean()"
   ]
  },
  {
   "cell_type": "code",
   "execution_count": 21,
   "id": "36c48a40",
   "metadata": {},
   "outputs": [],
   "source": [
    "# Volatility to Measure the High Risk Periods\n",
    "df_TCS['volatility'] = df_TCS['Daily_Returns'].rolling(window=3).std()"
   ]
  },
  {
   "cell_type": "code",
   "execution_count": 22,
