{
 "cells": [
  {
   "cell_type": "markdown",
   "id": "e30bed6e",
   "metadata": {},
   "source": [
    "### Stock Prediction Machine Learning Model Notebook"
   ]
  },
  {
   "cell_type": "markdown",
   "id": "18dff80e",
   "metadata": {},
   "source": [
    "## Phase 1 : Importing Necessary Libraries + Importing Data + Data Preperation"
   ]
  },
  {
   "cell_type": "code",
   "execution_count": 1,
   "id": "e19c0869",
   "metadata": {
    "execution": {
     "iopub.execute_input": "2026-04-21T04:08:15.987577Z",
     "iopub.status.busy": "2026-04-21T04:08:15.987577Z",
     "iopub.status.idle": "2026-04-21T04:08:18.630244Z",
     "shell.execute_reply": "2026-04-21T04:08:18.629219Z"
    }
   },
   "outputs": [],
   "source": [
    "import pandas as pd\n",
    "import numpy as np\n",
    "import seaborn as sns\n",
    "import matplotlib.pyplot as plt\n",
    "from sklearn.preprocessing import StandardScaler"
   ]
  },
  {
   "cell_type": "code",
   "execution_count": 2,
   "id": "423be143",
   "metadata": {
    "execution": {
     "iopub.execute_input": "2026-04-21T04:08:18.630244Z",
     "iopub.status.busy": "2026-04-21T04:08:18.630244Z",
     "iopub.status.idle": "2026-04-21T04:08:18.650078Z",
     "shell.execute_reply": "2026-04-21T04:08:18.650078Z"
    }
   },
   "outputs": [],
   "source": [
    "df_TCS = pd.read_csv(r\"Data\\CUPID\\CUPID.NS_data.csv\")"
   ]
  },
  {
   "cell_type": "code",
   "execution_count": 3,
   "id": "24ed1c9e",
   "metadata": {
    "execution": {
     "iopub.execute_input": "2026-04-21T04:08:18.654131Z",
     "iopub.status.busy": "2026-04-21T04:08:18.654131Z",
     "iopub.status.idle": "2026-04-21T04:08:18.665122Z",
     "shell.execute_reply": "2026-04-21T04:08:18.665122Z"
    }
   },
   "outputs": [
    {
     "name": "stdout",
     "output_type": "stream",
     "text": [
      "<class 'pandas.DataFrame'>\n",
      "RangeIndex: 2339 entries, 0 to 2338\n",
      "Data columns (total 6 columns):\n",
      " #   Column  Non-Null Count  Dtype\n",
      "---  ------  --------------  -----\n",
      " 0   Price   2339 non-null   str  \n",
      " 1   Close   2338 non-null   str  \n",
      " 2   High    2338 non-null   str  \n",
      " 3   Low     2338 non-null   str  \n",
      " 4   Open    2338 non-null   str  \n",
      " 5   Volume  2338 non-null   str  \n",
      "dtypes: str(6)\n",
      "memory usage: 109.8 KB\n"
     ]
    }
   ],
   "source": [
    "df_TCS.info()"
   ]
  },
  {
   "cell_type": "code",
   "execution_count": 4,
   "id": "47f1b815",
   "metadata": {
    "execution": {
     "iopub.execute_input": "2026-04-21T04:08:18.665122Z",
     "iopub.status.busy": "2026-04-21T04:08:18.665122Z",
     "iopub.status.idle": "2026-04-21T04:08:18.683428Z",
     "shell.execute_reply": "2026-04-21T04:08:18.683428Z"
    }
   },
   "outputs": [
    {
     "data": {
      "text/html": [
       "<div>\n",
       "<style scoped>\n",
       "    .dataframe tbody tr th:only-of-type {\n",
       "        vertical-align: middle;\n",
       "    }\n",
       "\n",
       "    .dataframe tbody tr th {\n",
       "        vertical-align: top;\n",
       "    }\n",
       "\n",
       "    .dataframe thead th {\n",
       "        text-align: right;\n",
       "    }\n",
       "</style>\n",
       "<table border=\"1\" class=\"dataframe\">\n",
       "  <thead>\n",
       "    <tr style=\"text-align: right;\">\n",
       "      <th></th>\n",
       "      <th>Price</th>\n",
       "      <th>Close</th>\n",
       "      <th>High</th>\n",
       "      <th>Low</th>\n",
       "      <th>Open</th>\n",
       "      <th>Volume</th>\n",
       "    </tr>\n",
       "  </thead>\n",
       "  <tbody>\n",
       "    <tr>\n",
       "      <th>0</th>\n",
       "      <td>Ticker</td>\n",
       "      <td>CUPID.NS</td>\n",
       "      <td>CUPID.NS</td>\n",
       "      <td>CUPID.NS</td>\n",
       "      <td>CUPID.NS</td>\n",
       "      <td>CUPID.NS</td>\n",
       "    </tr>\n",
       "    <tr>\n",
       "      <th>1</th>\n",
       "      <td>Date</td>\n",
       "      <td>NaN</td>\n",
       "      <td>NaN</td>\n",
       "      <td>NaN</td>\n",
       "      <td>NaN</td>\n",
       "      <td>NaN</td>\n",
       "    </tr>\n",
       "    <tr>\n",
       "      <th>2</th>\n",
       "      <td>2016-09-16</td>\n",
       "      <td>2.239258289337158</td>\n",
       "      <td>2.534146754066101</td>\n",
       "      <td>2.186236899677606</td>\n",
       "      <td>2.4041342968512707</td>\n",
       "      <td>27578520</td>\n",
       "    </tr>\n",
       "    <tr>\n",
       "      <th>3</th>\n",
       "      <td>2016-09-19</td>\n",
       "      <td>2.3024487495422363</td>\n",
       "      <td>2.336586446745387</td>\n",
       "      <td>2.251606378795482</td>\n",
       "      <td>2.284290908420661</td>\n",
       "      <td>6128160</td>\n",
       "    </tr>\n",
       "    <tr>\n",
       "      <th>4</th>\n",
       "      <td>2016-09-20</td>\n",
       "      <td>2.3144330978393555</td>\n",
       "      <td>2.3376756739979134</td>\n",
       "      <td>2.289012328909346</td>\n",
       "      <td>2.29627525731566</td>\n",
       "      <td>3301320</td>\n",
       "    </tr>\n",
       "  </tbody>\n",
       "</table>\n",
       "</div>"
      ],
      "text/plain": [
       "        Price               Close                High                Low  \\\n",
       "0      Ticker            CUPID.NS            CUPID.NS           CUPID.NS   \n",
       "1        Date                 NaN                 NaN                NaN   \n",
       "2  2016-09-16   2.239258289337158   2.534146754066101  2.186236899677606   \n",
       "3  2016-09-19  2.3024487495422363   2.336586446745387  2.251606378795482   \n",
       "4  2016-09-20  2.3144330978393555  2.3376756739979134  2.289012328909346   \n",
       "\n",
       "                 Open    Volume  \n",
       "0            CUPID.NS  CUPID.NS  \n",
       "1                 NaN       NaN  \n",
       "2  2.4041342968512707  27578520  \n",
       "3   2.284290908420661   6128160  \n",
       "4    2.29627525731566   3301320  "
      ]
     },
     "execution_count": 4,
     "metadata": {},
     "output_type": "execute_result"
    }
   ],
   "source": [
    "df_TCS.head()"
   ]
  },
  {
   "cell_type": "code",
   "execution_count": 5,
   "id": "670587cd",
   "metadata": {
    "execution": {
     "iopub.execute_input": "2026-04-21T04:08:18.686479Z",
     "iopub.status.busy": "2026-04-21T04:08:18.686479Z",
     "iopub.status.idle": "2026-04-21T04:08:18.710669Z",
     "shell.execute_reply": "2026-04-21T04:08:18.710669Z"
    }
   },
   "outputs": [
    {
     "data": {
      "text/html": [
       "<div>\n",
       "<style scoped>\n",
       "    .dataframe tbody tr th:only-of-type {\n",
       "        vertical-align: middle;\n",
       "    }\n",
       "\n",
       "    .dataframe tbody tr th {\n",
       "        vertical-align: top;\n",
       "    }\n",
       "\n",
       "    .dataframe thead th {\n",
       "        text-align: right;\n",
       "    }\n",
       "</style>\n",
       "<table border=\"1\" class=\"dataframe\">\n",
       "  <thead>\n",
       "    <tr style=\"text-align: right;\">\n",
       "      <th></th>\n",
       "      <th>Price</th>\n",
       "      <th>Close</th>\n",
       "      <th>High</th>\n",
       "      <th>Low</th>\n",
       "      <th>Open</th>\n",
       "      <th>Volume</th>\n",
       "    </tr>\n",
       "  </thead>\n",
       "  <tbody>\n",
       "    <tr>\n",
       "      <th>count</th>\n",
       "      <td>2339</td>\n",
       "      <td>2338</td>\n",
       "      <td>2338</td>\n",
       "      <td>2338</td>\n",
       "      <td>2338</td>\n",
       "      <td>2338</td>\n",
       "    </tr>\n",
       "    <tr>\n",
       "      <th>unique</th>\n",
       "      <td>2339</td>\n",
       "      <td>2193</td>\n",
       "      <td>2289</td>\n",
       "      <td>2270</td>\n",
       "      <td>2274</td>\n",
       "      <td>2324</td>\n",
       "    </tr>\n",
       "    <tr>\n",
       "      <th>top</th>\n",
       "      <td>Ticker</td>\n",
       "      <td>1.1795645952224731</td>\n",
       "      <td>18.0</td>\n",
       "      <td>16.799999237060547</td>\n",
       "      <td>16.200000762939453</td>\n",
       "      <td>5071680</td>\n",
       "    </tr>\n",
       "    <tr>\n",
       "      <th>freq</th>\n",
       "      <td>1</td>\n",
       "      <td>3</td>\n",
       "      <td>4</td>\n",
       "      <td>5</td>\n",
       "      <td>4</td>\n",
       "      <td>2</td>\n",
       "    </tr>\n",
       "  </tbody>\n",
       "</table>\n",
       "</div>"
      ],
      "text/plain": [
       "         Price               Close  High                 Low  \\\n",
       "count     2339                2338  2338                2338   \n",
       "unique    2339                2193  2289                2270   \n",
       "top     Ticker  1.1795645952224731  18.0  16.799999237060547   \n",
       "freq         1                   3     4                   5   \n",
       "\n",
       "                      Open   Volume  \n",
       "count                 2338     2338  \n",
       "unique                2274     2324  \n",
       "top     16.200000762939453  5071680  \n",
       "freq                     4        2  "
      ]
     },
     "execution_count": 5,
     "metadata": {},
     "output_type": "execute_result"
    }
   ],
   "source": [
    "df_TCS.describe()"
   ]
  },
  {
   "cell_type": "code",
   "execution_count": 6,
   "id": "89df1445",
   "metadata": {
    "execution": {
     "iopub.execute_input": "2026-04-21T04:08:18.710669Z",
     "iopub.status.busy": "2026-04-21T04:08:18.710669Z",
     "iopub.status.idle": "2026-04-21T04:08:18.719479Z",
     "shell.execute_reply": "2026-04-21T04:08:18.719479Z"
    }
   },
   "outputs": [],
   "source": [
    "df_TCS = df_TCS.rename(columns={'Price':'Date'})"
   ]
  },
  {
   "cell_type": "code",
   "execution_count": 7,
   "id": "d9e7b2a4",
   "metadata": {
    "execution": {
     "iopub.execute_input": "2026-04-21T04:08:18.723155Z",
     "iopub.status.busy": "2026-04-21T04:08:18.723155Z",
     "iopub.status.idle": "2026-04-21T04:08:18.726667Z",
     "shell.execute_reply": "2026-04-21T04:08:18.726667Z"
    }
   },
   "outputs": [],
   "source": [
    "df_TCS = df_TCS.iloc[2:].reset_index(drop=True)"
   ]
  },
  {
   "cell_type": "markdown",
   "id": "53956dac",
   "metadata": {},
   "source": [
    "#### Changing type of Data to Decimal and Numeric"
   ]
  },
  {
   "cell_type": "code",
   "execution_count": 8,
   "id": "05eaafb2",
   "metadata": {
    "execution": {
     "iopub.execute_input": "2026-04-21T04:08:18.726667Z",
     "iopub.status.busy": "2026-04-21T04:08:18.726667Z",
     "iopub.status.idle": "2026-04-21T04:08:18.746126Z",
     "shell.execute_reply": "2026-04-21T04:08:18.746126Z"
    }
   },
   "outputs": [],
   "source": [
    "df_TCS['Date'] = pd.to_datetime(df_TCS['Date'])\n",
    "\n",
    "decimal_values = [\"Close\", \"High\", \"Low\", \"Open\"]\n",
    "numeric_values =[\"Volume\"]\n",
    "\n",
    "for i in decimal_values:\n",
    "    df_TCS[i] = df_TCS[i].astype(float)\n",
    "\n",
    "for j in numeric_values:\n",
    "    df_TCS[j] = pd.to_numeric(df_TCS[j])"
   ]
  },
  {
   "cell_type": "code",
   "execution_count": 9,
   "id": "cdef0cf6",
   "metadata": {
    "execution": {
     "iopub.execute_input": "2026-04-21T04:08:18.746126Z",
     "iopub.status.busy": "2026-04-21T04:08:18.746126Z",
     "iopub.status.idle": "2026-04-21T04:08:18.754085Z",
     "shell.execute_reply": "2026-04-21T04:08:18.754085Z"
    }
   },
   "outputs": [],
   "source": [
    "# Sorting Values By Date\n",
    "\n",
    "df_TCS = df_TCS.sort_values(by=\"Date\").reset_index(drop=True)"
   ]
  },
  {
   "cell_type": "markdown",
   "id": "7ca1f73a",
   "metadata": {},
   "source": [
    "# Volume Ratio over a 20 days window"
   ]
  },
  {
   "cell_type": "code",
   "execution_count": 10,
   "id": "39294690",
   "metadata": {
    "execution": {
     "iopub.execute_input": "2026-04-21T04:08:18.754085Z",
     "iopub.status.busy": "2026-04-21T04:08:18.754085Z",
     "iopub.status.idle": "2026-04-21T04:08:18.762879Z",
     "shell.execute_reply": "2026-04-21T04:08:18.762879Z"
    }
   },
   "outputs": [],
   "source": [
    "df_TCS['Volume_Ratio'] = df_TCS['Volume'] / df_TCS['Volume'].rolling(window=20).mean()"
   ]
  },
  {
   "cell_type": "code",
   "execution_count": 11,
   "id": "e0328ce8",
   "metadata": {
    "execution": {
     "iopub.execute_input": "2026-04-21T04:08:18.762879Z",
     "iopub.status.busy": "2026-04-21T04:08:18.762879Z",
     "iopub.status.idle": "2026-04-21T04:08:18.777180Z",
     "shell.execute_reply": "2026-04-21T04:08:18.777180Z"
    }
   },
   "outputs": [
    {
     "data": {
      "text/html": [
       "<div>\n",
       "<style scoped>\n",
       "    .dataframe tbody tr th:only-of-type {\n",
       "        vertical-align: middle;\n",
       "    }\n",
       "\n",
       "    .dataframe tbody tr th {\n",
       "        vertical-align: top;\n",
       "    }\n",
       "\n",
       "    .dataframe thead th {\n",
       "        text-align: right;\n",
       "    }\n",
       "</style>\n",
       "<table border=\"1\" class=\"dataframe\">\n",
       "  <thead>\n",
       "    <tr style=\"text-align: right;\">\n",
       "      <th></th>\n",
       "      <th>Date</th>\n",
       "      <th>Close</th>\n",
       "      <th>High</th>\n",
       "      <th>Low</th>\n",
       "      <th>Open</th>\n",
       "      <th>Volume</th>\n",
       "      <th>Volume_Ratio</th>\n",
       "    </tr>\n",
       "  </thead>\n",
       "  <tbody>\n",
       "    <tr>\n",
       "      <th>Date</th>\n",
       "      <td>1.000000</td>\n",
       "      <td>0.602915</td>\n",
       "      <td>0.601917</td>\n",
       "      <td>0.603861</td>\n",
       "      <td>0.602664</td>\n",
       "      <td>0.188018</td>\n",
       "      <td>-0.001669</td>\n",
       "    </tr>\n",
       "    <tr>\n",
       "      <th>Close</th>\n",
       "      <td>0.602915</td>\n",
       "      <td>1.000000</td>\n",
       "      <td>0.999384</td>\n",
       "      <td>0.999578</td>\n",
       "      <td>0.998926</td>\n",
       "      <td>0.272971</td>\n",
       "      <td>-0.003944</td>\n",
       "    </tr>\n",
       "    <tr>\n",
       "      <th>High</th>\n",
       "      <td>0.601917</td>\n",
       "      <td>0.999384</td>\n",
       "      <td>1.000000</td>\n",
       "      <td>0.999001</td>\n",
       "      <td>0.999473</td>\n",
       "      <td>0.280529</td>\n",
       "      <td>-0.000715</td>\n",
       "    </tr>\n",
       "    <tr>\n",
       "      <th>Low</th>\n",
       "      <td>0.603861</td>\n",
       "      <td>0.999578</td>\n",
       "      <td>0.999001</td>\n",
       "      <td>1.000000</td>\n",
       "      <td>0.999323</td>\n",
       "      <td>0.261483</td>\n",
       "      <td>-0.010416</td>\n",
       "    </tr>\n",
       "    <tr>\n",
       "      <th>Open</th>\n",
       "      <td>0.602664</td>\n",
       "      <td>0.998926</td>\n",
       "      <td>0.999473</td>\n",
       "      <td>0.999323</td>\n",
       "      <td>1.000000</td>\n",
       "      <td>0.266217</td>\n",
       "      <td>-0.008827</td>\n",
       "    </tr>\n",
       "    <tr>\n",
       "      <th>Volume</th>\n",
       "      <td>0.188018</td>\n",
       "      <td>0.272971</td>\n",
       "      <td>0.280529</td>\n",
       "      <td>0.261483</td>\n",
       "      <td>0.266217</td>\n",
       "      <td>1.000000</td>\n",
       "      <td>0.586642</td>\n",
       "    </tr>\n",
       "    <tr>\n",
       "      <th>Volume_Ratio</th>\n",
       "      <td>-0.001669</td>\n",
       "      <td>-0.003944</td>\n",
       "      <td>-0.000715</td>\n",
       "      <td>-0.010416</td>\n",
       "      <td>-0.008827</td>\n",
       "      <td>0.586642</td>\n",
       "      <td>1.000000</td>\n",
       "    </tr>\n",
       "  </tbody>\n",
       "</table>\n",
       "</div>"
      ],
      "text/plain": [
       "                  Date     Close      High       Low      Open    Volume  \\\n",
       "Date          1.000000  0.602915  0.601917  0.603861  0.602664  0.188018   \n",
       "Close         0.602915  1.000000  0.999384  0.999578  0.998926  0.272971   \n",
       "High          0.601917  0.999384  1.000000  0.999001  0.999473  0.280529   \n",
       "Low           0.603861  0.999578  0.999001  1.000000  0.999323  0.261483   \n",
       "Open          0.602664  0.998926  0.999473  0.999323  1.000000  0.266217   \n",
       "Volume        0.188018  0.272971  0.280529  0.261483  0.266217  1.000000   \n",
       "Volume_Ratio -0.001669 -0.003944 -0.000715 -0.010416 -0.008827  0.586642   \n",
       "\n",
       "              Volume_Ratio  \n",
       "Date             -0.001669  \n",
       "Close            -0.003944  \n",
       "High             -0.000715  \n",
       "Low              -0.010416  \n",
       "Open             -0.008827  \n",
       "Volume            0.586642  \n",
       "Volume_Ratio      1.000000  "
      ]
     },
     "execution_count": 11,
     "metadata": {},
     "output_type": "execute_result"
    }
   ],
   "source": [
    "df_TCS.corr()"
   ]
  },
  {
   "cell_type": "markdown",
   "id": "47692238",
   "metadata": {},
   "source": [
    "#### Calculating Returns on Stock Price"
   ]
  },
  {
   "cell_type": "code",
   "execution_count": 12,
   "id": "e911c13a",
   "metadata": {
    "execution": {
     "iopub.execute_input": "2026-04-21T04:08:18.777180Z",
     "iopub.status.busy": "2026-04-21T04:08:18.777180Z",
     "iopub.status.idle": "2026-04-21T04:08:18.785892Z",
     "shell.execute_reply": "2026-04-21T04:08:18.785892Z"
    }
   },
   "outputs": [],
   "source": [
    "df_TCS['Daily_Returns'] = df_TCS['Close'].pct_change()"
   ]
  },
  {
   "cell_type": "markdown",
   "id": "55fca28c",
   "metadata": {},
   "source": [
    "### Calculating Moving Averages Across the Range"
   ]
  },
  {
   "cell_type": "code",
   "execution_count": 13,
   "id": "3356888f",
   "metadata": {
    "execution": {
     "iopub.execute_input": "2026-04-21T04:08:18.791000Z",
     "iopub.status.busy": "2026-04-21T04:08:18.785892Z",
     "iopub.status.idle": "2026-04-21T04:08:18.796547Z",
     "shell.execute_reply": "2026-04-21T04:08:18.796547Z"
    }
   },
   "outputs": [],
   "source": [
    "df_TCS['MA_Week'] = df_TCS['Close'].rolling(window=7).mean()\n",
    "\n",
    "df_TCS['MA_Month'] = df_TCS['Close'].rolling(window=30).mean()\n",
    "\n",
    "df_TCS['MA_3Months'] = df_TCS['Close'].rolling(window=90).mean()\n"
   ]
  },
  {
   "cell_type": "code",
   "execution_count": 14,
   "id": "45a4e79a",
   "metadata": {
    "execution": {
     "iopub.execute_input": "2026-04-21T04:08:18.799553Z",
     "iopub.status.busy": "2026-04-21T04:08:18.799553Z",
     "iopub.status.idle": "2026-04-21T04:08:18.813704Z",
     "shell.execute_reply": "2026-04-21T04:08:18.813704Z"
    }
   },
   "outputs": [
    {
     "data": {
      "text/html": [
       "<div>\n",
       "<style scoped>\n",
       "    .dataframe tbody tr th:only-of-type {\n",
       "        vertical-align: middle;\n",
       "    }\n",
       "\n",
       "    .dataframe tbody tr th {\n",
       "        vertical-align: top;\n",
       "    }\n",
       "\n",
       "    .dataframe thead th {\n",
       "        text-align: right;\n",
       "    }\n",
       "</style>\n",
       "<table border=\"1\" class=\"dataframe\">\n",
       "  <thead>\n",
       "    <tr style=\"text-align: right;\">\n",
       "      <th></th>\n",
       "      <th>Date</th>\n",
       "      <th>Close</th>\n",
       "      <th>High</th>\n",
       "      <th>Low</th>\n",
       "      <th>Open</th>\n",
       "      <th>Volume</th>\n",
       "      <th>Volume_Ratio</th>\n",
       "      <th>Daily_Returns</th>\n",
       "      <th>MA_Week</th>\n",
       "      <th>MA_Month</th>\n",
       "      <th>MA_3Months</th>\n",
       "    </tr>\n",
       "  </thead>\n",
       "  <tbody>\n",
       "    <tr>\n",
       "      <th>Date</th>\n",
       "      <td>1.000000</td>\n",
       "      <td>0.602915</td>\n",
       "      <td>0.601917</td>\n",
       "      <td>0.603861</td>\n",
       "      <td>0.602664</td>\n",
       "      <td>0.188018</td>\n",
       "      <td>-0.001669</td>\n",
       "      <td>0.062402</td>\n",
       "      <td>0.603256</td>\n",
       "      <td>0.606108</td>\n",
       "      <td>0.638358</td>\n",
       "    </tr>\n",
       "    <tr>\n",
       "      <th>Close</th>\n",
       "      <td>0.602915</td>\n",
       "      <td>1.000000</td>\n",
       "      <td>0.999384</td>\n",
       "      <td>0.999578</td>\n",
       "      <td>0.998926</td>\n",
       "      <td>0.272971</td>\n",
       "      <td>-0.003944</td>\n",
       "      <td>0.054227</td>\n",
       "      <td>0.998025</td>\n",
       "      <td>0.990287</td>\n",
       "      <td>0.972617</td>\n",
       "    </tr>\n",
       "    <tr>\n",
       "      <th>High</th>\n",
       "      <td>0.601917</td>\n",
       "      <td>0.999384</td>\n",
       "      <td>1.000000</td>\n",
       "      <td>0.999001</td>\n",
       "      <td>0.999473</td>\n",
       "      <td>0.280529</td>\n",
       "      <td>-0.000715</td>\n",
       "      <td>0.045215</td>\n",
       "      <td>0.998806</td>\n",
       "      <td>0.991547</td>\n",
       "      <td>0.973399</td>\n",
       "    </tr>\n",
       "    <tr>\n",
       "      <th>Low</th>\n",
       "      <td>0.603861</td>\n",
       "      <td>0.999578</td>\n",
       "      <td>0.999001</td>\n",
       "      <td>1.000000</td>\n",
       "      <td>0.999323</td>\n",
       "      <td>0.261483</td>\n",
       "      <td>-0.010416</td>\n",
       "      <td>0.046369</td>\n",
       "      <td>0.997661</td>\n",
       "      <td>0.990257</td>\n",
       "      <td>0.973499</td>\n",
       "    </tr>\n",
       "    <tr>\n",
       "      <th>Open</th>\n",
       "      <td>0.602664</td>\n",
       "      <td>0.998926</td>\n",
       "      <td>0.999473</td>\n",
       "      <td>0.999323</td>\n",
       "      <td>1.000000</td>\n",
       "      <td>0.266217</td>\n",
       "      <td>-0.008827</td>\n",
       "      <td>0.036966</td>\n",
       "      <td>0.998125</td>\n",
       "      <td>0.990996</td>\n",
       "      <td>0.973639</td>\n",
       "    </tr>\n",
       "    <tr>\n",
       "      <th>Volume</th>\n",
       "      <td>0.188018</td>\n",
       "      <td>0.272971</td>\n",
       "      <td>0.280529</td>\n",
       "      <td>0.261483</td>\n",
       "      <td>0.266217</td>\n",
       "      <td>1.000000</td>\n",
       "      <td>0.586642</td>\n",
       "      <td>0.300983</td>\n",
       "      <td>0.281415</td>\n",
       "      <td>0.274868</td>\n",
       "      <td>0.239514</td>\n",
       "    </tr>\n",
       "    <tr>\n",
       "      <th>Volume_Ratio</th>\n",
       "      <td>-0.001669</td>\n",
       "      <td>-0.003944</td>\n",
       "      <td>-0.000715</td>\n",
       "      <td>-0.010416</td>\n",
       "      <td>-0.008827</td>\n",
       "      <td>0.586642</td>\n",
       "      <td>1.000000</td>\n",
       "      <td>0.405213</td>\n",
       "      <td>-0.004901</td>\n",
       "      <td>-0.008676</td>\n",
       "      <td>-0.013375</td>\n",
       "    </tr>\n",
       "    <tr>\n",
       "      <th>Daily_Returns</th>\n",
       "      <td>0.062402</td>\n",
       "      <td>0.054227</td>\n",
       "      <td>0.045215</td>\n",
       "      <td>0.046369</td>\n",
       "      <td>0.036966</td>\n",
       "      <td>0.300983</td>\n",
       "      <td>0.405213</td>\n",
       "      <td>1.000000</td>\n",
       "      <td>0.035183</td>\n",
       "      <td>0.031600</td>\n",
       "      <td>0.023868</td>\n",
       "    </tr>\n",
       "    <tr>\n",
       "      <th>MA_Week</th>\n",
       "      <td>0.603256</td>\n",
       "      <td>0.998025</td>\n",
       "      <td>0.998806</td>\n",
       "      <td>0.997661</td>\n",
       "      <td>0.998125</td>\n",
       "      <td>0.281415</td>\n",
       "      <td>-0.004901</td>\n",
       "      <td>0.035183</td>\n",
       "      <td>1.000000</td>\n",
       "      <td>0.994073</td>\n",
       "      <td>0.977093</td>\n",
       "    </tr>\n",
       "    <tr>\n",
       "      <th>MA_Month</th>\n",
       "      <td>0.606108</td>\n",
       "      <td>0.990287</td>\n",
       "      <td>0.991547</td>\n",
       "      <td>0.990257</td>\n",
       "      <td>0.990996</td>\n",
       "      <td>0.274868</td>\n",
       "      <td>-0.008676</td>\n",
       "      <td>0.031600</td>\n",
       "      <td>0.994073</td>\n",
       "      <td>1.000000</td>\n",
       "      <td>0.989407</td>\n",
       "    </tr>\n",
       "    <tr>\n",
       "      <th>MA_3Months</th>\n",
       "      <td>0.638358</td>\n",
       "      <td>0.972617</td>\n",
       "      <td>0.973399</td>\n",
       "      <td>0.973499</td>\n",
       "      <td>0.973639</td>\n",
       "      <td>0.239514</td>\n",
       "      <td>-0.013375</td>\n",
       "      <td>0.023868</td>\n",
       "      <td>0.977093</td>\n",
       "      <td>0.989407</td>\n",
       "      <td>1.000000</td>\n",
       "    </tr>\n",
       "  </tbody>\n",
       "</table>\n",
       "</div>"
      ],
      "text/plain": [
       "                   Date     Close      High       Low      Open    Volume  \\\n",
       "Date           1.000000  0.602915  0.601917  0.603861  0.602664  0.188018   \n",
       "Close          0.602915  1.000000  0.999384  0.999578  0.998926  0.272971   \n",
       "High           0.601917  0.999384  1.000000  0.999001  0.999473  0.280529   \n",
       "Low            0.603861  0.999578  0.999001  1.000000  0.999323  0.261483   \n",
       "Open           0.602664  0.998926  0.999473  0.999323  1.000000  0.266217   \n",
       "Volume         0.188018  0.272971  0.280529  0.261483  0.266217  1.000000   \n",
       "Volume_Ratio  -0.001669 -0.003944 -0.000715 -0.010416 -0.008827  0.586642   \n",
       "Daily_Returns  0.062402  0.054227  0.045215  0.046369  0.036966  0.300983   \n",
       "MA_Week        0.603256  0.998025  0.998806  0.997661  0.998125  0.281415   \n",
       "MA_Month       0.606108  0.990287  0.991547  0.990257  0.990996  0.274868   \n",
       "MA_3Months     0.638358  0.972617  0.973399  0.973499  0.973639  0.239514   \n",
       "\n",
       "               Volume_Ratio  Daily_Returns   MA_Week  MA_Month  MA_3Months  \n",
       "Date              -0.001669       0.062402  0.603256  0.606108    0.638358  \n",
       "Close             -0.003944       0.054227  0.998025  0.990287    0.972617  \n",
       "High              -0.000715       0.045215  0.998806  0.991547    0.973399  \n",
       "Low               -0.010416       0.046369  0.997661  0.990257    0.973499  \n",
       "Open              -0.008827       0.036966  0.998125  0.990996    0.973639  \n",
       "Volume             0.586642       0.300983  0.281415  0.274868    0.239514  \n",
       "Volume_Ratio       1.000000       0.405213 -0.004901 -0.008676   -0.013375  \n",
       "Daily_Returns      0.405213       1.000000  0.035183  0.031600    0.023868  \n",
       "MA_Week           -0.004901       0.035183  1.000000  0.994073    0.977093  \n",
       "MA_Month          -0.008676       0.031600  0.994073  1.000000    0.989407  \n",
       "MA_3Months        -0.013375       0.023868  0.977093  0.989407    1.000000  "
      ]
     },
     "execution_count": 14,
     "metadata": {},
     "output_type": "execute_result"
    }
   ],
   "source": [
    "df_TCS.corr()"
   ]
  },
  {
   "cell_type": "markdown",
   "id": "2e6e480e",
   "metadata": {},
   "source": [
    "### The correlation of Above features is very high so we must avoid them and we are using their ratios"
   ]
  },
  {
   "cell_type": "code",
   "execution_count": 15,
   "id": "c2e33e47",
   "metadata": {
    "execution": {
     "iopub.execute_input": "2026-04-21T04:08:18.815239Z",
     "iopub.status.busy": "2026-04-21T04:08:18.815239Z",
     "iopub.status.idle": "2026-04-21T04:08:18.822644Z",
     "shell.execute_reply": "2026-04-21T04:08:18.822644Z"
    }
   },
   "outputs": [],
   "source": [
    "df_TCS['MA_Week_Ratio'] = df_TCS['Close'] / df_TCS['MA_Week']\n",
    "df_TCS['MA_Month_Ratio'] = df_TCS['Close'] / df_TCS['MA_Month']\n",
    "df_TCS['MA_3Months_Ratio'] = df_TCS['Close'] / df_TCS['MA_3Months']"
   ]
  },
  {
   "cell_type": "code",
   "execution_count": 16,
   "id": "0ef9a0d5",
   "metadata": {
    "execution": {
     "iopub.execute_input": "2026-04-21T04:08:18.822644Z",
     "iopub.status.busy": "2026-04-21T04:08:18.822644Z",
     "iopub.status.idle": "2026-04-21T04:08:18.844318Z",
     "shell.execute_reply": "2026-04-21T04:08:18.844318Z"
    }
   },
   "outputs": [
    {
     "data": {
      "text/html": [
       "<div>\n",
       "<style scoped>\n",
       "    .dataframe tbody tr th:only-of-type {\n",
       "        vertical-align: middle;\n",
       "    }\n",
       "\n",
       "    .dataframe tbody tr th {\n",
       "        vertical-align: top;\n",
       "    }\n",
       "\n",
       "    .dataframe thead th {\n",
       "        text-align: right;\n",
       "    }\n",
       "</style>\n",
       "<table border=\"1\" class=\"dataframe\">\n",
       "  <thead>\n",
       "    <tr style=\"text-align: right;\">\n",
       "      <th></th>\n",
       "      <th>Date</th>\n",
       "      <th>Close</th>\n",
       "      <th>High</th>\n",
       "      <th>Low</th>\n",
       "      <th>Open</th>\n",
       "      <th>Volume</th>\n",
       "      <th>Volume_Ratio</th>\n",
       "      <th>Daily_Returns</th>\n",
       "      <th>MA_Week</th>\n",
       "      <th>MA_Month</th>\n",
       "      <th>MA_3Months</th>\n",
       "      <th>MA_Week_Ratio</th>\n",
       "      <th>MA_Month_Ratio</th>\n",
       "      <th>MA_3Months_Ratio</th>\n",
       "    </tr>\n",
       "  </thead>\n",
       "  <tbody>\n",
       "    <tr>\n",
       "      <th>Date</th>\n",
       "      <td>1.000000</td>\n",
       "      <td>0.602915</td>\n",
       "      <td>0.601917</td>\n",
       "      <td>0.603861</td>\n",
       "      <td>0.602664</td>\n",
       "      <td>0.188018</td>\n",
       "      <td>-0.001669</td>\n",
       "      <td>0.062402</td>\n",
       "      <td>0.603256</td>\n",
       "      <td>0.606108</td>\n",
       "      <td>0.638358</td>\n",
       "      <td>0.137918</td>\n",
       "      <td>0.279065</td>\n",
       "      <td>0.407101</td>\n",
       "    </tr>\n",
       "    <tr>\n",
       "      <th>Close</th>\n",
       "      <td>0.602915</td>\n",
       "      <td>1.000000</td>\n",
       "      <td>0.999384</td>\n",
       "      <td>0.999578</td>\n",
       "      <td>0.998926</td>\n",
       "      <td>0.272971</td>\n",
       "      <td>-0.003944</td>\n",
       "      <td>0.054227</td>\n",
       "      <td>0.998025</td>\n",
       "      <td>0.990287</td>\n",
       "      <td>0.972617</td>\n",
       "      <td>0.120328</td>\n",
       "      <td>0.261076</td>\n",
       "      <td>0.448570</td>\n",
       "    </tr>\n",
       "    <tr>\n",
       "      <th>High</th>\n",
       "      <td>0.601917</td>\n",
       "      <td>0.999384</td>\n",
       "      <td>1.000000</td>\n",
       "      <td>0.999001</td>\n",
       "      <td>0.999473</td>\n",
       "      <td>0.280529</td>\n",
       "      <td>-0.000715</td>\n",
       "      <td>0.045215</td>\n",
       "      <td>0.998806</td>\n",
       "      <td>0.991547</td>\n",
       "      <td>0.973399</td>\n",
       "      <td>0.112640</td>\n",
       "      <td>0.256402</td>\n",
       "      <td>0.445802</td>\n",
       "    </tr>\n",
       "    <tr>\n",
       "      <th>Low</th>\n",
       "      <td>0.603861</td>\n",
       "      <td>0.999578</td>\n",
       "      <td>0.999001</td>\n",
       "      <td>1.000000</td>\n",
       "      <td>0.999323</td>\n",
       "      <td>0.261483</td>\n",
       "      <td>-0.010416</td>\n",
       "      <td>0.046369</td>\n",
       "      <td>0.997661</td>\n",
       "      <td>0.990257</td>\n",
       "      <td>0.973499</td>\n",
       "      <td>0.117137</td>\n",
       "      <td>0.258435</td>\n",
       "      <td>0.446024</td>\n",
       "    </tr>\n",
       "    <tr>\n",
       "      <th>Open</th>\n",
       "      <td>0.602664</td>\n",
       "      <td>0.998926</td>\n",
       "      <td>0.999473</td>\n",
       "      <td>0.999323</td>\n",
       "      <td>1.000000</td>\n",
       "      <td>0.266217</td>\n",
       "      <td>-0.008827</td>\n",
       "      <td>0.036966</td>\n",
       "      <td>0.998125</td>\n",
       "      <td>0.990996</td>\n",
       "      <td>0.973639</td>\n",
       "      <td>0.111054</td>\n",
       "      <td>0.255169</td>\n",
       "      <td>0.444397</td>\n",
       "    </tr>\n",
       "    <tr>\n",
       "      <th>Volume</th>\n",
       "      <td>0.188018</td>\n",
       "      <td>0.272971</td>\n",
       "      <td>0.280529</td>\n",
       "      <td>0.261483</td>\n",
       "      <td>0.266217</td>\n",
       "      <td>1.000000</td>\n",
       "      <td>0.586642</td>\n",
       "      <td>0.300983</td>\n",
       "      <td>0.281415</td>\n",
       "      <td>0.274868</td>\n",
       "      <td>0.239514</td>\n",
       "      <td>0.297749</td>\n",
       "      <td>0.347924</td>\n",
       "      <td>0.335483</td>\n",
       "    </tr>\n",
       "    <tr>\n",
       "      <th>Volume_Ratio</th>\n",
       "      <td>-0.001669</td>\n",
       "      <td>-0.003944</td>\n",
       "      <td>-0.000715</td>\n",
       "      <td>-0.010416</td>\n",
       "      <td>-0.008827</td>\n",
       "      <td>0.586642</td>\n",
       "      <td>1.000000</td>\n",
       "      <td>0.405213</td>\n",
       "      <td>-0.004901</td>\n",
       "      <td>-0.008676</td>\n",
       "      <td>-0.013375</td>\n",
       "      <td>0.372260</td>\n",
       "      <td>0.191611</td>\n",
       "      <td>0.059141</td>\n",
       "    </tr>\n",
       "    <tr>\n",
       "      <th>Daily_Returns</th>\n",
       "      <td>0.062402</td>\n",
       "      <td>0.054227</td>\n",
       "      <td>0.045215</td>\n",
       "      <td>0.046369</td>\n",
       "      <td>0.036966</td>\n",
       "      <td>0.300983</td>\n",
       "      <td>0.405213</td>\n",
       "      <td>1.000000</td>\n",
       "      <td>0.035183</td>\n",
       "      <td>0.031600</td>\n",
       "      <td>0.023868</td>\n",
       "      <td>0.636327</td>\n",
       "      <td>0.323946</td>\n",
       "      <td>0.210526</td>\n",
       "    </tr>\n",
       "    <tr>\n",
       "      <th>MA_Week</th>\n",
       "      <td>0.603256</td>\n",
       "      <td>0.998025</td>\n",
       "      <td>0.998806</td>\n",
       "      <td>0.997661</td>\n",
       "      <td>0.998125</td>\n",
       "      <td>0.281415</td>\n",
       "      <td>-0.004901</td>\n",
       "      <td>0.035183</td>\n",
       "      <td>1.000000</td>\n",
       "      <td>0.994073</td>\n",
       "      <td>0.977093</td>\n",
       "      <td>0.088670</td>\n",
       "      <td>0.239318</td>\n",
       "      <td>0.433606</td>\n",
       "    </tr>\n",
       "    <tr>\n",
       "      <th>MA_Month</th>\n",
       "      <td>0.606108</td>\n",
       "      <td>0.990287</td>\n",
       "      <td>0.991547</td>\n",
       "      <td>0.990257</td>\n",
       "      <td>0.990996</td>\n",
       "      <td>0.274868</td>\n",
       "      <td>-0.008676</td>\n",
       "      <td>0.031600</td>\n",
       "      <td>0.994073</td>\n",
       "      <td>1.000000</td>\n",
       "      <td>0.989407</td>\n",
       "      <td>0.070847</td>\n",
       "      <td>0.184563</td>\n",
       "      <td>0.385610</td>\n",
       "    </tr>\n",
       "    <tr>\n",
       "      <th>MA_3Months</th>\n",
       "      <td>0.638358</td>\n",
       "      <td>0.972617</td>\n",
       "      <td>0.973399</td>\n",
       "      <td>0.973499</td>\n",
       "      <td>0.973639</td>\n",
       "      <td>0.239514</td>\n",
       "      <td>-0.013375</td>\n",
       "      <td>0.023868</td>\n",
       "      <td>0.977093</td>\n",
       "      <td>0.989407</td>\n",
       "      <td>1.000000</td>\n",
       "      <td>0.055137</td>\n",
       "      <td>0.141327</td>\n",
       "      <td>0.314425</td>\n",
       "    </tr>\n",
       "    <tr>\n",
       "      <th>MA_Week_Ratio</th>\n",
       "      <td>0.137918</td>\n",
       "      <td>0.120328</td>\n",
       "      <td>0.112640</td>\n",
       "      <td>0.117137</td>\n",
       "      <td>0.111054</td>\n",
       "      <td>0.297749</td>\n",
       "      <td>0.372260</td>\n",
       "      <td>0.636327</td>\n",
       "      <td>0.088670</td>\n",
       "      <td>0.070847</td>\n",
       "      <td>0.055137</td>\n",
       "      <td>1.000000</td>\n",
       "      <td>0.663847</td>\n",
       "      <td>0.446729</td>\n",
       "    </tr>\n",
       "    <tr>\n",
       "      <th>MA_Month_Ratio</th>\n",
       "      <td>0.279065</td>\n",
       "      <td>0.261076</td>\n",
       "      <td>0.256402</td>\n",
       "      <td>0.258435</td>\n",
       "      <td>0.255169</td>\n",
       "      <td>0.347924</td>\n",
       "      <td>0.191611</td>\n",
       "      <td>0.323946</td>\n",
       "      <td>0.239318</td>\n",
       "      <td>0.184563</td>\n",
       "      <td>0.141327</td>\n",
       "      <td>0.663847</td>\n",
       "      <td>1.000000</td>\n",
       "      <td>0.828826</td>\n",
       "    </tr>\n",
       "    <tr>\n",
       "      <th>MA_3Months_Ratio</th>\n",
       "      <td>0.407101</td>\n",
       "      <td>0.448570</td>\n",
       "      <td>0.445802</td>\n",
       "      <td>0.446024</td>\n",
       "      <td>0.444397</td>\n",
       "      <td>0.335483</td>\n",
       "      <td>0.059141</td>\n",
       "      <td>0.210526</td>\n",
       "      <td>0.433606</td>\n",
       "      <td>0.385610</td>\n",
       "      <td>0.314425</td>\n",
       "      <td>0.446729</td>\n",
       "      <td>0.828826</td>\n",
       "      <td>1.000000</td>\n",
       "    </tr>\n",
       "  </tbody>\n",
       "</table>\n",
       "</div>"
      ],
      "text/plain": [
       "                      Date     Close      High       Low      Open    Volume  \\\n",
       "Date              1.000000  0.602915  0.601917  0.603861  0.602664  0.188018   \n",
       "Close             0.602915  1.000000  0.999384  0.999578  0.998926  0.272971   \n",
       "High              0.601917  0.999384  1.000000  0.999001  0.999473  0.280529   \n",
       "Low               0.603861  0.999578  0.999001  1.000000  0.999323  0.261483   \n",
       "Open              0.602664  0.998926  0.999473  0.999323  1.000000  0.266217   \n",
       "Volume            0.188018  0.272971  0.280529  0.261483  0.266217  1.000000   \n",
       "Volume_Ratio     -0.001669 -0.003944 -0.000715 -0.010416 -0.008827  0.586642   \n",
       "Daily_Returns     0.062402  0.054227  0.045215  0.046369  0.036966  0.300983   \n",
       "MA_Week           0.603256  0.998025  0.998806  0.997661  0.998125  0.281415   \n",
       "MA_Month          0.606108  0.990287  0.991547  0.990257  0.990996  0.274868   \n",
       "MA_3Months        0.638358  0.972617  0.973399  0.973499  0.973639  0.239514   \n",
       "MA_Week_Ratio     0.137918  0.120328  0.112640  0.117137  0.111054  0.297749   \n",
       "MA_Month_Ratio    0.279065  0.261076  0.256402  0.258435  0.255169  0.347924   \n",
       "MA_3Months_Ratio  0.407101  0.448570  0.445802  0.446024  0.444397  0.335483   \n",
       "\n",
       "                  Volume_Ratio  Daily_Returns   MA_Week  MA_Month  MA_3Months  \\\n",
       "Date                 -0.001669       0.062402  0.603256  0.606108    0.638358   \n",
